15 0.178049 0.344648 0.229268 0.114883
15 0.117886 0.704961 0.066667 0.062663
15 0.210569 0.757180 0.089431 0.130548
15 0.435772 0.691906 0.234146 0.198433
15 0.713008 0.513055 0.252033 0.180157
15 0.726016 0.818538 0.186992 0.362924
15 0.411382 0.280679 0.286179 0.117493
15 0.600000 0.366841 0.191870 0.065274
15 0.783740 0.292428 0.152846 0.125326
15 0.959350 0.317232 0.081301 0.049608
15 0.920325 0.545692 0.159350 0.328982
15 0.968293 0.155352 0.063415 0.096606
16 0.502439 0.118799 0.201626 0.232376
16 0.698374 0.066580 0.160976 0.127937
16 0.845528 0.084856 0.071545 0.164491
