15 0.739746 0.726562 0.491211 0.299479
15 0.160156 0.416016 0.164062 0.118490
15 0.704590 0.885417 0.229492 0.229167
15 0.922363 0.931641 0.155273 0.136719
15 0.308105 0.615234 0.231445 0.186198
15 0.488281 0.921224 0.214844 0.157552
15 0.774902 0.498698 0.131836 0.104167
15 0.044434 0.338542 0.061523 0.049479
15 0.062988 0.411458 0.124023 0.091146
15 0.239746 0.792318 0.180664 0.131510
16 0.313477 0.289714 0.136719 0.157552
16 0.401367 0.296875 0.099609 0.148438
16 0.148438 0.279948 0.099609 0.106771
16 0.214844 0.284505 0.035156 0.105469
16 0.023926 0.220703 0.045898 0.173177
