15 0.397147 0.637931 0.157658 0.135632
15 0.680931 0.634483 0.202703 0.105747
15 0.702703 0.808046 0.216216 0.209195
15 0.667417 0.326437 0.097598 0.045977
15 0.367868 0.439080 0.057057 0.036782
15 0.057057 0.458621 0.111111 0.098851
15 0.530781 0.320690 0.052553 0.039080
15 0.572823 0.268966 0.082583 0.050575
15 0.617868 0.374713 0.055556 0.041379
15 0.614114 0.510345 0.069069 0.055172
15 0.740240 0.441379 0.084084 0.064368
15 0.496246 0.550575 0.097598 0.075862
16 0.605856 0.159770 0.058559 0.075862
16 0.682432 0.152874 0.034535 0.057471
16 0.762763 0.155172 0.018018 0.062069
16 0.470721 0.152874 0.067568 0.062069
16 0.342342 0.162069 0.081081 0.080460
