15 0.442500 0.604583 0.140000 0.089167
15 0.756250 0.866250 0.205000 0.205833
15 0.185938 0.787500 0.089375 0.088333
15 0.333750 0.716250 0.110000 0.187500
15 0.264375 0.910833 0.121250 0.178333
15 0.101875 0.706250 0.147500 0.104167
15 0.313125 0.438750 0.115000 0.055833
15 0.261250 0.379583 0.075000 0.034167
15 0.140937 0.497917 0.123125 0.107500
15 0.168437 0.618333 0.136875 0.103333
15 0.282187 0.507500 0.081875 0.048333
15 0.444063 0.349583 0.128125 0.105833
15 0.634062 0.296667 0.079375 0.061667
15 0.680312 0.373750 0.104375 0.059167
15 0.742812 0.549167 0.406875 0.255000
16 0.599375 0.207083 0.068750 0.119167
16 0.497812 0.157500 0.140625 0.203333
17 0.137187 0.181250 0.253125 0.307500
17 0.862812 0.160417 0.254375 0.135833
